&musicTitle=Over the Rave "Original Mix",takoyaki_o,http://oversphere.jp/&
&difData=7,Hard,2,22&
&setColor=0xcccccc,0xaaaaff,0xffffff,0xff0066&
&frzColor=0x00ffff,0x6600ff,0x99ff66,0xAAff77&
&startFrame=0&
&left_data=212,246,280,291,302,336,392,426,460,471,482,527,550,572,594,617,640,662,684,707,730,752,774,797,820,842,864,887,898,910,921,932,1056,1090,1112,1247,1292,1416,1450,1562,1652,1663,1674,1686,1708,1720,1731,1742,1753,1764,1776,1798,1810,1821,1832,1967,2012,2136,2170,2282,2372,2383,2394,2406,2428,2440,2451,2462,2473,2484,2496,2518,2530,2552,2642,2687,2732,2822,2867,2912,3002,3047,3070,3081,3092,3137,3182,3204,3227,3233,3238,3244,3250,3362,3463,3610,3621,3744,3924,3992,4127,4172,4296,4330,4352,4442,4532,4622,4667,4678,4690,4701,4718,4740,4780,4808,4830,4858,4875,4926,4948,4965,4976,5016,5055,5078,5100,5140,5168,5190,5218,5235,5286,5308,5325,5336,5376,5398,5415&
&leftdia_data=212,302,370,392,482,538,611,623,634,662,701,713,724,752,791,803,814,842,929,966,1022,1044,1061,1123,1157,1236,1253,1270,1281,1303,1337,1382,1427,1472,1489,1500,1511,1523,1534,1545,1556,1579,1590,1601,1613,1624,1635,1646,1663,1674,1697,1720,1731,1753,1764,1787,1821,1843,1877,1956,1973,1990,2001,2023,2057,2102,2147,2192,2209,2220,2231,2243,2254,2265,2276,2299,2310,2321,2333,2344,2355,2366,2383,2394,2417,2440,2451,2473,2484,2507,2546,2642,2676,2822,2873,2890,2895,2906,3002,3036,3114,3143,3176,3216,3266,3452,3474,3564,3632,3654,3677,3683,3722,3767,3773,3812,3834,3857,3863,3902,3947,3953,4037,4116,4133,4150,4161,4217,4262,4307,4692,4704,4712,4768,4785,4802,4836,4853,4870,4892,4903,4914,4937,4982,4993,5004,5027,5050,5072,5106,5128,5145,5162,5196,5207,5230,5241,5252,5263,5274,5280,5297,5320,5342,5353,5364,5370,5387,5410&
&down_data=246,280,291,336,381,426,460,471,516,544,561,606,640,651,696,730,741,786,820,831,876,893,904,918,926,1039,1067,1078,1168,1202,1213,1224,1348,1393,1404,1421,1433,1641,1686,1697,1708,1776,1787,1798,1810,1888,1922,1933,1944,2068,2113,2124,2141,2153,2361,2406,2417,2428,2496,2507,2518,2530,2538,2586,2620,2631,2687,2732,2766,2800,2811,2856,2867,2912,2946,2980,2991,3041,3053,3064,3109,3120,3148,3171,3193,3261,3272,3294,3351,3396,3418,3497,3531,3660,3790,3823,3840,3936,3970,4009,4048,4082,4093,4104,4189,4228,4273,4284,4301,4313,4673,4684,4698,4706,4723,4734,4746,4757,4774,4780,4813,4824,4847,4864,4870,4881,4909,4920,4943,4954,4971,4999,5010,5021,5033,5061,5083,5094,5106,5117,5134,5140,5173,5184,5196,5213,5224,5230,5269,5280,5303,5314,5331,5359,5381,5393,5398,5421&
&space_data=212,370,381,392,482,527,550,561,572,730,741,752,842,910,921,932,966,1000,1011,1022,1044,1067,1112,1202,1247,1270,1292,1382,1427,1450,1472,1562,1607,1630,1652,1742,1787,1798,1810,1832,1922,1967,1990,2012,2102,2147,2170,2192,2282,2327,2350,2372,2462,2507,2513,2518,2524,2530,2552,2687,2710,2732,2867,2878,2890,2901,2912,3047,3070,3092,3137,3182,3204,3227,3233,3238,3244,3250,3632,3992,4082,4127,4150,4172,4262,4307,4330,4352,4442,4532,4622,4746,4774,4836,4864,4914,4943,5004,5033,5106,5134,5196,5224,5274,5303,5364,5393&
&up_data=550,583,594,611,623,634,673,684,701,713,724,763,774,791,803,814,853,864,881,893,904,915,924,1022,1134,1157,1163,1191,1219,1258,1281,1314,1337,1343,1371,1399,1410,1438,1483,1494,1506,1528,1540,1551,1573,1584,1596,1618,1630,1854,1877,1883,1911,1939,1978,2001,2034,2057,2063,2091,2119,2130,2158,2203,2214,2226,2248,2260,2271,2293,2304,2316,2338,2350,2535,2563,2574,2591,2603,2614,2653,2664,2681,2693,2704,2743,2754,2771,2783,2794,2833,2844,2861,2890,2923,2934,2951,2963,2974,3013,3024,3064,3103,3126,3154,3165,3188,3199,3255,3306,3340,3384,3486,3520,3542,3576,3632,3677,3711,3733,3750,3778,3857,3891,3913,3930,3958,4014,4037,4043,4071,4099,4138,4161,4194,4217,4223,4251,4279,4290,4318,4442,4622,4673,4684,4695,4701,4709,4729,4751,4780,4791,4819,4841,4870,4898,4931,4948,4960,4971,4988,5038,5061,5089,5111,5134,5151,5179,5201,5230,5258,5291,5308,5331,5348,5364,5393,5421&
&rightdia_data=223,234,251,263,274,313,324,341,353,364,403,414,431,443,454,493,504,521,533,544,912,921,929,966,1028,1044,1067,1112,1146,1174,1185,1202,1247,1270,1281,1292,1326,1354,1365,1382,1444,1472,1483,1494,1517,1540,1551,1573,1584,1607,1630,1641,1669,1680,1691,1703,1714,1725,1736,1759,1770,1781,1793,1804,1815,1826,1832,1866,1894,1905,1922,1967,1990,2001,2012,2046,2074,2085,2102,2164,2192,2203,2214,2237,2260,2271,2293,2304,2327,2350,2361,2389,2400,2411,2423,2434,2445,2456,2479,2490,2501,2513,2524,2532,2541,2710,2721,2878,2884,3047,3070,3081,3098,3131,3160,3210,3221,3317,3373,3430,3587,3643,3660,3694,3778,3790,3823,3840,3874,3958,3970,3992,4003,4026,4054,4065,4082,4127,4150,4161,4172,4183,4206,4234,4245,4262,4324,4352,4532,4695,4706,4723,4734,4746,4751,4774,4796,4813,4824,4836,4841,4853,4870,4892,4903,4914,4920,4943,4960,4982,4993,5004,5010,5021,5033,5038,5050,5083,5094,5106,5111,5134,5140,5156,5173,5184,5196,5201,5213,5224,5252,5263,5274,5291,5303,5308,5320,5342,5353,5364,5370,5381,5393,5398,5410&
&right_data=370,381,561,583,606,628,651,673,696,718,741,763,786,808,831,853,876,910,932,1022,1090,1157,1163,1337,1343,1450,1506,1517,1528,1562,1596,1607,1618,1652,1742,1877,1883,2057,2063,2170,2226,2237,2248,2282,2316,2327,2338,2372,2462,2530,2552,2710,2901,3092,3137,3182,3204,3227,3233,3238,3244,3250,3407,3733,3750,3913,3930,4037,4043,4217,4223,4330,4667,4678,4690,4701,4763,4791,4864,4881,4914,4943,5044,5066,5123,5151,5224,5241,5274,5280,5303,5404,5426&
&frzLeft_data=3272,3311,3407,3446,3542,3581&
&frzLdia_data=3362,3401&
&frzDown_data=3430,3446,5432,5522&
&frzSpace_data=1090,1095,5432,5612&
&frzUp_data=5432,5702&
&frzRdia_data=3452,3491&
&frzRight_data=3317,3356,3497,3536,3587,3610&
&tuning=YNQ&
